5000:
-23.55961389,  -46.64158951
-23.44066843,  -46.49946233
-23.71730683,  -46.7683901 
-23.51726836,  -46.83569695
-23.68143846,  -46.54559653
-23.209444,  -46.87262074
-23.54878455,  -46.41716358
-23.50408275,  -46.94688444
-23.39469717,  -46.31881163
-23.52275966,  -46.22857487

10.000:
-23.5667238,  -46.64234333
-23.46255058,  -46.50279479
-23.71868756,  -46.77471532
-23.52263223,  -46.85410065
-23.68292363,  -46.54609668
-23.209915,  -46.87262925
-23.53111437,  -46.41006087
-23.50631692,  -46.9405386 
-23.39713238,  -46.31991689
-23.52560013,  -46,.23018704

FULL
-23.55221995,   -46.67675391
-23.43779247,   -46.4894358 
-23.79051137,   -46.81158616
-23.5110543,   -46.91025504
-23.6848875,   -46.54931375
-23.20741267,   -46.87305282
-23.51705228,   -46.42128837
-23.3955039 ,   -46.31724603
-23.52388311,   -46.23188953
-23.647673,   -47.0696    